0.00	n_(4)	1	->	2	0
0.00	n_(5)	2	->	3	1
0.00	n_(7)	6	->	5	3
0.00	n_(9)	5	->	6	3
0.00	n_(6)	6	->	7	4
0.00	n_(14)	10	->	9	6
0.00	n_(15)	11	->	10	7
0.00	n_(2)	3	->	7	14
0.00	n_(3)	4	->	8	15
0.00	n_(11)	9	->	5	16
0.00	n_(10)	10	->	6	17
0.00	n_(13)	15	->	11	22
0.00	n_(12)	16	->	12	23
0.00	n_(1)	16	->	12	23
0.00	n_(0)	16	->	12	23
0.00	n_(8)	5	->	1	12
3.00	n_(3)	8	->	12	19
3.00	n_(12)	12	->	11	8
6.00	n_(1)	12	->	8	19
7.00	n_(5)	3	->	4	2
7.00	n_(9)	6	->	2	13
7.00	n_(15)	10	->	14	21
8.00	n_(4)	2	->	3	1
8.00	n_(7)	5	->	1	12
10.00	n_(14)	9	->	5	16
10.00	n_(2)	7	->	6	4
11.00	n_(11)	5	->	6	3
11.00	n_(10)	6	->	7	4
11.00	n_(13)	11	->	12	8
20.00	n_(6)	7	->	3	14
20.00	n_(0)	12	->	8	19
24.00	n_(8)	1	->	2	0
28.00	n_(9)	2	->	1	0
29.00	n_(5)	4	->	8	15
29.00	n_(15)	14	->	13	9
30.00	n_(7)	1	->	2	0
31.00	n_(2)	6	->	5	3
31.00	n_(12)	11	->	12	8
31.00	n_(1)	8	->	4	15
34.00	n_(4)	3	->	7	14
34.00	n_(11)	6	->	7	4
34.00	n_(13)	12	->	8	19
34.00	n_(3)	12	->	11	8
35.00	n_(14)	5	->	6	3
41.00	n_(6)	3	->	2	1
41.00	n_(0)	8	->	4	15
47.00	n_(10)	7	->	11	18
51.00	n_(5)	8	->	12	19
54.00	n_(15)	13	->	9	20
55.00	n_(9)	1	->	5	12
55.00	n_(8)	2	->	3	1
55.00	n_(2)	5	->	1	12
55.00	n_(11)	7	->	3	14
55.00	n_(1)	4	->	3	2
55.00	n_(13)	8	->	4	15
56.00	n_(4)	7	->	11	18
58.00	n_(7)	2	->	6	13
58.00	n_(3)	11	->	15	22
58.00	n_(12)	12	->	16	23
59.00	n_(14)	6	->	10	17
62.00	n_(6)	2	->	6	13
62.00	n_(0)	4	->	3	2
76.00	n_(1)	3	->	7	14
76.00	n_(15)	9	->	5	16
77.00	n_(2)	1	->	2	0
78.00	n_(3)	15	->	16	11
79.00	n_(8)	3	->	4	2
79.00	n_(9)	5	->	6	3
79.00	n_(13)	4	->	3	2
79.00	n_(10)	11	->	12	8
79.00	n_(5)	12	->	16	23
80.00	n_(7)	6	->	10	17
80.00	n_(12)	16	->	15	11
82.00	n_(11)	3	->	4	2
82.00	n_(14)	10	->	9	6
82.00	n_(4)	11	->	10	7
83.00	n_(6)	6	->	10	17
92.00	n_(0)	3	->	7	14
101.00	n_(13)	3	->	7	14
103.00	n_(8)	4	->	8	15
103.00	n_(9)	6	->	7	4
103.00	n_(10)	12	->	8	19
103.00	n_(12)	15	->	14	10
103.00	n_(3)	16	->	12	23
103.00	n_(1)	7	->	11	18
103.00	n_(15)	5	->	1	12
103.00	n_(7)	10	->	11	7
103.00	n_(5)	16	->	15	11
105.00	n_(6)	10	->	14	21
106.00	n_(2)	2	->	6	13
107.00	n_(11)	4	->	8	15
107.00	n_(14)	9	->	13	20
107.00	n_(4)	10	->	6	17
114.00	n_(0)	7	->	6	4
121.00	n_(3)	12	->	8	19
123.00	n_(9)	7	->	3	14
124.00	n_(7)	11	->	12	8
126.00	n_(8)	8	->	7	5
127.00	n_(12)	14	->	13	9
127.00	n_(13)	7	->	11	18
127.00	n_(10)	8	->	7	5
128.00	n_(15)	1	->	2	0
128.00	n_(2)	6	->	10	17
128.00	n_(4)	6	->	2	13
128.00	n_(14)	13	->	14	9
128.00	n_(6)	14	->	13	9
130.00	n_(5)	15	->	11	22
130.00	n_(1)	11	->	10	7
140.00	n_(0)	6	->	5	3
140.00	n_(11)	8	->	12	19

